Map 1 from "Kato Wins Japan Micromouse Expert Class" https://www.youtube.com/watch?v=A4hzCcFikm0

[
[[1, 0],[0, 1],[0, 1],[1, 1],[0, 1],[0, 1],[0, 1],[0, 1],[1, 1],[0, 1],[0, 1],[1, 1],[1, 1],[1, 1],[1, 1],[1, 1],[1, 1]],
[[1, 0],[1, 0],[1, 1],[1, 0],[1, 0],[1, 1],[0, 1],[1, 1],[1, 0],[1, 0],[0, 1],[0, 0],[0, 0],[0, 0],[0, 0],[1, 0],[1, 0]],
[[1, 0],[1, 0],[1, 0],[1, 0],[1, 0],[1, 0],[1, 0],[0, 1],[1, 0],[1, 0],[0, 1],[0, 0],[0, 1],[1, 1],[1, 0],[0, 0],[1, 0]],
[[1, 0],[1, 0],[0, 1],[0, 0],[1, 0],[0, 1],[0, 0],[0, 1],[1, 0],[0, 0],[0, 1],[0, 1],[1, 1],[0, 0],[1, 1],[1, 0],[1, 0]],
[[1, 0],[1, 0],[1, 1],[0, 1],[0, 1],[0, 0],[0, 1],[1, 1],[0, 0],[0, 1],[0, 1],[0, 1],[1, 0],[1, 0],[1, 0],[1, 0],[1, 0]],
[[1, 0],[1, 0],[1, 0],[1, 0],[0, 1],[0, 1],[0, 0],[0, 1],[0, 1],[0, 1],[1, 1],[1, 1],[1, 1],[1, 1],[1, 0],[1, 0],[1, 0]],
[[1, 0],[0, 0],[1, 0],[1, 0],[0, 0],[0, 1],[0, 1],[0, 1],[0, 1],[0, 1],[0, 1],[0, 0],[0, 0],[0, 0],[1, 0],[1, 0],[1, 0]],
[[1, 0],[1, 0],[1, 0],[0, 0],[0, 1],[1, 1],[0, 1],[1, 1],[0, 1],[1, 1],[1, 0],[1, 0],[1, 0],[1, 0],[1, 0],[1, 0],[1, 0]],
[[1, 0],[1, 0],[1, 0],[1, 1],[0, 0],[0, 1],[1, 1],[1, 0],[0, 0],[1, 0],[0, 1],[0, 1],[0, 1],[1, 0],[1, 0],[1, 0],[1, 0]],
[[1, 0],[1, 0],[1, 0],[0, 0],[1, 1],[0, 0],[1, 1],[0, 0],[1, 1],[0, 0],[0, 0],[0, 1],[0, 1],[0, 1],[1, 0],[1, 0],[1, 0]],
[[1, 0],[1, 1],[1, 0],[1, 0],[0, 0],[1, 1],[0, 0],[1, 0],[0, 0],[0, 1],[0, 1],[0, 1],[1, 1],[1, 1],[1, 0],[1, 0],[1, 0]],
[[1, 0],[1, 0],[0, 0],[1, 0],[1, 1],[1, 0],[1, 1],[0, 0],[1, 1],[0, 0],[1, 1],[1, 0],[1, 0],[0, 0],[1, 1],[1, 0],[1, 0]],
[[1, 0],[1, 0],[1, 0],[1, 0],[1, 1],[0, 0],[0, 0],[1, 1],[0, 0],[1, 1],[0, 0],[1, 1],[0, 0],[1, 0],[1, 0],[1, 0],[1, 0]],
[[1, 0],[1, 0],[1, 1],[0, 0],[0, 0],[1, 0],[0, 0],[1, 1],[0, 1],[0, 0],[1, 1],[0, 0],[0, 1],[0, 1],[0, 0],[1, 0],[1, 0]],
[[1, 0],[0, 0],[0, 0],[1, 0],[1, 0],[1, 0],[1, 0],[1, 0],[0, 0],[0, 1],[0, 0],[0, 1],[0, 1],[0, 1],[0, 1],[1, 1],[1, 0]],
[[1, 0],[1, 0],[1, 0],[1, 0],[0, 1],[0, 1],[0, 0],[0, 1],[0, 1],[0, 0],[0, 1],[1, 1],[0, 1],[0, 0],[0, 1],[0, 0],[1, 0]],
[[0, 0],[0, 1],[0, 1],[0, 1],[0, 1],[0, 1],[0, 1],[0, 1],[0, 1],[0, 1],[0, 1],[0, 1],[0, 1],[0, 1],[0, 1],[0, 1],[0, 1]]
]